160
337
161
351
424
374
258
283
258
277
223
360
360
493
249
484
371
312
329
275
264
542
260
328
491
664
248
150
378
278
403
277
329
363
352
413
215
255
451
348
426
509
442
343
298
435
415
330
370
306
299
410
274
343
373
316
350
238
191
497
273
212
273
198
296
632
439
408
381
281
182
337
217
200
322
366
232
179
358
249
138
294
262
344
241
335
163
435
252
337
136
284
331
251
256
364
432
248
276
220
173
369
339
265
263
352
341
147
230
439
436
290
409
280
250
329
305
348
283
246
420
295
313
266
568
206
326
626
332
462
278
310
240
344
335
292
258
410
221
169
230
282
213
375
238
321
551
377
278
275
282
154
261
414
255
225
262
219
445
210
373
425
307
406
415
158
498
256
306
309
420
351
253
248
329
264
430
342
366
409
390
339
428
311
269
274
469
482
177
451
330
427
247
486
293
366
387
344
302
274
191
422
387
286
223
450
487
139
362
253
325
450
364
227
260
199
620
315
192
260
330
232
319
338
414
472
543
353
437
268
343
277
265
172
417
234
460
493
182
233
448
565
215
582
509
351
313
283
261
321
367
487
462
233
322
205
278
231
252
275
260
291
222
387
265
332
307
385
317
233
675
270
537
286
309
256
222
304
248
332
343
224
323
451
305
247
364
244
276
360
270
423
348
277
344
191
196
357
347
250
210
269
363
456
334
348
392
316
190
288
281
203
428
407
313
307
227
745
294
190
414
348
313
240
344
398
395
288
412
351
172
411
163
224
421
275
331
345
489
292
364
407
617
404
598
303
266
241
169
261
461
264
246
238
191
254
233
298
338
209
206
158
500
246
188
235
368
277
259
441
229
322
307
352
185
284
234
308
335
336
381
323
337
278
349
274
328
303
314
332
379
299
159
247
488
291
281
457
169
330
354
241
527
223
261
368
372
315
196
352
401
340
328
417
537
374
180
501
286
406
247
369
326
481
320
515
276
371
149
378
247
233
209
349
312
169
407
216
173
201
268
306
329
108
359
491
322
315
260
336
320
332
466
395
264
241
304
241
286
230
176
399
270
254
262
379
419
357
208
263
231
241
382
244
244
458
174
299
568
217
238
393
431
317
310
607
109
281
305
310
246
374
220
222
242
315
417
337
298
192
343
427
526
306
580
268
173
511
229
294
400
206
289
348
317
292
170
268
662
400
312
314
219
243
231
365
457
414
239
237
439
256
319
394
254
203
290
353
306
265
415
234
215
415
155
337
309
206
376
207
295
304
242
251
345
201
377
260
388
541
378
139
258
219
475
270
236
227
343
340
276
619
604
247
450
213
422
285
212
285
407
254
396
388
336
416
202
221
323
457
302
492
238
264
404
295
147
318
350
322
560
386
434
356
551
304
546
262
262
249
430
235
599
396
289
306
334
236
314
370
207
437
217
348
329
178
236
305
373
318
290
337
272
312
124
235
420
323
539
627
354
171
385
253
473
352
383
257
270
207
384
256
424
368
264
189
461
325
335
603
469
189
413
201
244
373
436
538
333
276
215
421
456
199
359
280
229
438
358
390
571
210
298
384
379
290
294
393
292
320
150
285
343
326
115
225
665
461
442
417
358
211
565
232
257
434
463
276
495
341
416
295
240
401
380
311
215
201
345
465
338
335
266
310
325
326
272
382
167
341
324
504
344
216
250
345
291
204
378
598
384
488
466
268
414
336
348
169
237
249
247
427
502
476
216
310
341
228
296
371
292
319
852
477
321
190
357
361
486
269
310
460
316
384
189
237
265
217
338
382
297
276
244
324
209
241
313
326
323
394
230
234
267
442
202
225
246
366
177
389
384
215
327
237
461
239
272
406
425
392
412
394
249
461
409
423
415
317
286
151
499
204
497
580
516
374
304
294
157
352
294
356
328
192
390
309
336
302
134
316
609
225
282
205
264
362
243
377
432
269
316
365
305
320
213
414
261
402
162
240
134
458
185
479
285
296
301
449
245
289
237
372
525
268
199
606
314
213
570
382
554
234
465
188
246
361
328
343
348
486
347
285
272
153
316
422
464
451
354
393
220
240
430
204
208
398
480
182
366
483
295
307
205
346
368
276
157
318
468
425
245
466
598
309
271
529
196
198
266
330
341
548
408
552
176
318
288
214
215
297
341
409
209
261
299
259
307
341
336
296
280
362
285
324
316
271
178
397
197
394
357
319
311
281
479
270
287
441
259
229
200
251
407
485
302
541
292
300
292
313
209
524
303
401
422
519
327
278
179
345
232
200
295
199
439
216
347
454
560
269
190
262
272
454
217
241
308
277
374
340
228
268
558
263
515
337
424
459
217
152
326
410
308
321
354
322
222
255
316
385
333
567
577
232
217
457
231
274
254
229
270
485
317
586
249
291
268
256
353
242
258
259
233
286
390
348
160
506
287
363
332
266
144
420
259
242
258
461
662
265
416
178
341
355
354
299
274
239
192
232
193
209
312
409
274
271
295
331
313
466
167
343
371
391
531
286
517
241
292
464
247
319
329
556
377
417
439
435
351
275
334
265
291
542
337
331
277
438
231
329
222
276
322
459
252
289
270
324
231
271
157
315
503
240
143
308
405
162
202
336
245
254
298
462
415
464
229
398
393
286
353
159
328
304
183
425
500
546
233
569
164
236
145
416
235
335
224
214
257
361
204
293
398
224
254
388
147
361
127
277
520
549
167
231
169
536
239
343
358
405
186
241
321
284
374
434
199
344
393
296
454
379
92
530
322
276
359
387
146
320
220
255
293
182
197
468
288
147
328
253
302
341
391
231
431
497
319
522
257
271
294
233
327
362
223
317
326
248
420
260
386
220
276
390
323
395
197
434
185
315
536
324
235
407
304
318
293
394
320
184
242
249
449
498
322
312
418
566
138
210
695
458
247
287
535
436
200
262
453
170
572
211
392
392
193
369
264
172
217
249
269
381
223
193
289
203
195
221
328
298
123
213
182
257
142
208
752
399
366
529
447
592
217
347
420
315
216
696
194
229
399
305
324
304
392
358
354
545
286
321
245
458
234
427
358
228
376
323
389
228
346
242
404
289
414
364
263
339
223
279
579
402
190
226
316
209
220
363
409
211
322
250
291
189
233
265
277
503
265
217
319
317
203
280
199
214
365
296
403
296
231
305
187
277
340
485
197
163
219
253
239
376
204
302
191
446
301
546
282
258
198
283
335
275
240
355
293
279
371
330
272
335
199
272
402
268
177
217
466
166
292
222
195
319
401
339
877
325
254
288
404
339
282
333
607
193
373
358
456
336
293
290
570
496
372
203
463
202
412
457
288
344
189
261
342
286
499
284
331
341
381
332
312
304
325
414
312
384
662
360
587
375
267
248
287
527
229
440
341
357
390
214
323
400
361
514
243
313
213
331
223
307
320
391
165
388
193
262
444
257
469
435
399
222
147
238
377
404
628
481
204
478
437
274
219
352
332
233
251
205
402
193
435
324
254
273
396
249
374
386
281
169
261
259
255
207
360
585
414
423
274
265
286
351
640
328
329
446
302
266
393
292
282
370
243
267
297
289
340
257
227
188
408
274
628
348
296
150
265
420
329
420
276
214
317
195
180
272
385
324
253
368
343
205
372
117
326
259
275
278
261
538
421
151
186
316
295
250
414
316
458
366
268
173
356
360
228
320
488
607
335
337
355
266
411
345
254
242
255
231
436
406
539
356
179
218
282
329
355
378
567
376
218
288
268
320
229
394
268
226
239
270
439
205
341
247
215
197
273
405
224
377
188
199
260
299
410
286
329
168
355
386
389
215
456
310
313
558
244
377
286
352
507
501
184
314
357
223
259
631
413
328
389
229
245
410
263
313
294
337
350
407
352
297
473
288
352
272
214
349
255
463
547
419
210
331
205
242
275
649
234
220
277
139
406
355
278
397
298
187
185
247
194
340
349
326
214
194
299
479
280
426
285
265
262
399
259
171
412
240
378
359
383
227
216
153
334
309
290
297
386
94
572
395
325
313
321
337
227
267
489
191
220
345
174
523
313
341
278
209
169
426
353
335
419
391
159
483
473
321
199
457
273
193
377
324
563
263
259
263
229
320
239
352
307
295
342
334
201
269
276
445
379
244
397
332
218
250
222
246
234
334
224
386
315
343
229
348
354
302
533
230
316
290
211
273
460
428
256
231
213
384
344
154
461
278
304
479
281
250
201
578
419
232
259
240
607
479
287
714
283
347
375
229
451
432
251
567
386
250
354
399
326
285
202
201
252
205
337
180
394
411
257
391
333
240
355
234
304
360
309
403
409
333
345
360
485
348
136
302
251
172
381
224
475
359
295
785
309
359
555
248
206
258
382
242
589
320
317
267
557
355
430
298
359
269
567
185
444
399
475
236
268
201
602
318
456
426
273
222
235
442
123
322
302
328
329
573
340
310
404
223
317
454
222
242
177
294
377
329
244
202
329
539
340
668
390
289
253
621
342
207
237
383
285
315
326
506
275
364
323
626
329
269
187
227
167
241
274
305
303
363
313
354
278
294
261
305
271
372
349
341
353
349
283
265
299
178
496
440
306
453
254
331
267
146
217
250
313
511
335
477
221
500
145
579
463
195
296
222
532
354
405
269
263
273
184
248
300
292
153
432
322
482
241
364
313
366
387
491
362
407
275
220
526
241
272
301
366
185
330
186
299
324
122
86
326
272
209
342
175
321
367
232
294
276
245
419
260
335
442
366
236
272
365
347
499
380
445
434
223
396
204
417
323
307
544
271
473
218
253
312
401
234
361
295
374
417
331
369
352
308
276
407
438
238
217
348
211
208
406
361
455
283
365
201
537
184
411
289
164
329
337
435
325
276
539
184
389
257
253
354
218
250
643
388
456
380
478
186
317
212
271
213
356
420
384
297
320
205
400
327
369
390
403
469
277
255
283
165
483
319
375
292
194
480
301
345
575
406
303
319
270
500
457
252
310
350
485
303
286
553
237
404
126
720
253
124
397
343
305
313
369
189
289
424
199
345
402
383
288
207
422
225
514
364
279
343
527
243
277
435
243
335
280
190
412
424
189
310
336
349
211
405
121
425
303
326
390
239
444
289
239
230
462
251
227
239
158
270
362
502
298
163
330
290
479
222
535
396
298
362
277
365
317
216
202
249
344
179
347
279
482
307
324
299
169
327
348
214
312
235
297
316
313
506
225
234
268
351
413
329
141
387
316
249
214
196
294
272
246
289
482
212
140
422
410
376
395
184
262
286
465
307
276
478
219
369
254
255
428
224
227
225
408
367
148
310
353
392
218
243
221
314
299
234
268
515
330
293
347
148
196
298
325
365
166
308
191
304
339
192
236
152
286
398
182
415
482
418
197
258
208
476
278
436
416
446
393
310
376
542
424
411
382
406
310
279
451
377
345
198
333
81
330
495
304
296
343
382
89
541
293
237
489
363
234
244
306
451
409
250
294
198
389
288
333
334
338
278
315
349
294
637
241
272
310
267
313
417
487
157
283
273
210
518
329
325
124
216
436
363
300
432
297
330
244
437
460
209
212
264
245
316
289
316
328
389
315
353
317
250
480
351
195
252
194
535
248
284
389
345
217
332
363
168
332
194
507
521
377
415
310
352
482
300
474
306
253
263
351
193
201
391
261
572
178
510
207
244
463
302
286
220
300
459
437
232
219
334
247
271
244
176
328
276
375
291
241
185
174
246
216
272
371
405
227
172
265
274
307
401
322
216
303
441
253
440
495
399
189
365
201
570
397
349
286
401
281
456
233
233
351
408
357
206
218
310
370
371
585
266
271
271
442
443
549
282
335
369
416
345
379
485
347
327
288
403
488
403
313
322
255
304
313
285
443
413
424
516
285
475
276
345
332
181
448
196
357
237
184
278
381
211
276
306
350
176
465
243
284
525
327
242
367
390
203
278
266
211
238
359
453
200
325
379
490
286
442
245
282
579
352
226
282
204
345
284
324
442
265
383
299
379
215
207
425
221
241
373
324
307
305
137
341
129
376
307
470
432
456
328
272
167
259
353
384
277
426
334
399
210
282
345
331
218
445
182
369
311
352
264
183
315
225
257
206
449
289
293
301
550
275
227
339
197
275
317
229
255
418
338
258
336
199
638
407
204
421
220
200
269
377
459
201
265
354
247
253
417
276
408
193
302
364
255
247
370
614
286
252
301
205
127
138
234
333
240
264
221
196
302
390
508
280
238
274
301
275
240
359
251
185
359
265
369
271
303
215
242
404
244
290
384
183
328
330
348
572
363
273
278
307
429
286
250
288
376
267
256
279
256
337
318
326
337
341
213
295
297
369
245
368
268
253
467
335
422
379
219
304
377
228
378
247
293
266
264
311
330
447
366
339
191
270
322
381
615
347
373
356
455
489
256
253
283
356
270
225
383
200
381
251
289
409
263
228
261
194
576
200
308
443
284
263
512
193
244
230
409
287
454
235
213
270
288
499
415
455
296
394
139
260
359
411
278
256
358
289
297
390
256
474
205
377
208
419
424
223
292
339
222
234
212
311
260
276
431
198
357
239
389
241
393
215
377
163
203
347
477
278
393
364
328
480
427
208
210
344
365
254
349
386
239
258
274
265
351
333
351
277
506
334
250
480
437
318
228
441
321
427
143
309
498
375
498
366
206
236
316
252
361
314
172
225
517
311
226
379
572
394
436
270
172
310
571
134
201
302
345
245
423
447
215
318
310
330
239
457
376
385
340
228
174
112
314
278
191
248
270
336
490
467
318
252
277
219
360
330
407
200
549
214
310
166
535
524
313
299
355
376
327
362
329
337
217
397
228
348
430
283
411
301
391
326
248
197
439
239
294
433
321
229
582
388
500
285
310
287
191
381
219
481
199
284
278
445
231
192
263
346
391
488
351
356
223
284
387
378
196
271
231
238
204
439
191
227
280
285
364
186
252
301
331
454
290
456
267
284
346
228
442
306
403
347
446
286
171
466
382
374
637
292
341
409
155
226
254
414
341
282
293
205
243
416
491
316
327
326
209
161
280
403
181
307
337
188
204
638
258
277
309
331
135
261
190
167
411
287
362
422
126
444
438
384
232
196
477
209
303
338
235
356
198
277
313
365
299
342
320
436
149
204
299
346
465
309
218
285
278
286
330
194
478
281
270
334
399
211
227
252
443
348
263
262
406
370
387
202
412
392
336
281
452
155
316
363
487
277
245
277
180
192
451
253
396
363
248
233
344
215
290
373
347
301
404
243
163
230
192
317
216
276
448
277
242
345
303
727
332
189
261
287
360
317
323
436
220
311
179
268
457
435
172
301
222
305
356
200
308
138
301
278
362
170
269
545
210
277
247
486
331
447
261
343
284
247
333
280
401
209
473
354
415
274
401
265
537
228
410
230
193
408
205
308
339
388
348
400
419
334
208
333
450
456
223
260
200
283
316
486
187
611
301
329
298
293
336
298
458
267
519
250
664
426
261
490
217
249
483
380
380
150
325
304
180
314
303
312
472
474
420
353
347
245
169
217
328
283
344
407
334
246
197
251
422
240
206
210
263
387
252
221
162
277
246
224
358
261
192
232
423
209
429
301
394
183
351
281
185
522
299
379
201
428
439
313
198
269
244
429
339
282
190
161
413
249
382
421
320
270
315
387
447
202
333
223
482
280
140
538
287
523
412
152
232
347
197
231
252
296
266
598
255
382
427
204
273
370
200
288
290
228
381
331
413
236
262
323
267
207
325
443
242
341
404
187
289
313
302
403
345
232
285
325
285
225
317
224
567
242
210
426
341
345
574
292
453
371
285
369
429
313
360
632
475
347
264
423
202
263
459
255
320
175
452
269
490
199
157
371
331
390
342
211
320
239
408
458
329
299
319
325
426
280
409
383
321
206
216
378
368
219
332
278
364
372
546
289
309
274
557
324
341
357
310
476
286
167
224
330
222
261
269
311
182
196
384
204
235
241
279
448
394
212
260
312
336
230
278
346
231
215
332
438
258
344
390
292
274
169
450
506
211
303
324
260
157
322
282
255
155
207
692
212
250
233
193
268
384
275
413
296
238
461
281
325
257
215
224
227
191
350
560
286
278
296
198
292
123
567
276
438
226
334
186
340
369
186
273
221
157
366
315
721
213
278
418
456
250
500
390
417
324
306
328
177
191
378
263
221
272
234
192
551
253
352
267
412
354
388
386
220
229
347
436
224
613
458
260
227
438
369
130
314
340
434
257
238
260
347
410
257
372
282
364
281
387
227
184
327
249
398
345
131
632
354
562
183
325
253
384
346
222
522
462
296
328
467
353
363
305
324
332
298
323
252
312
309
280
563
436
464
207
200
549
587
255
337
159
271
325
302
288
379
280
299
256
288
302
566
159
308
535
333
304
153
342
262
188
210
276
287
408
540
314
337
259
351
344
387
268
184
383
213
173
453
463
309
344
379
495
331
244
240
521
286
336
196
159
137
230
489
307
347
264
341
342
299
203
333
320
333
537
235
223
217
251
216
228
407
234
271
448
371
296
263
195
237
356
302
303
346
499
170
293
386
199
252
455
161
200
200
492
165
475
358
194
178
436
256
398
172
386
314
378
403
188
391
374
503
383
294
435
244
230
349
357
649
136
264
386
253
277
296
399
331
255
380
559
243
270
277
447
421
379
391
523
249
133
341
281
296
255
243
479
330
202
474
303
280
176
252
268
189
405
349
166
192
396
148
417
451
340
197
618
192
128
420
310
194
411
279
534
476
433
226
291
265
379
407
381
458
400
335
399
268
304
541
293
297
361
532
273
305
285
421
430
231
265
245
235
282
287
305
237
187
309
396
316
500
227
153
236
404
387
271
294
175
616
637
236
337
129
434
394
325
285
227
243
382
214
314
313
241
291
271
207
240
206
247
354
520
276
410
275
307
328
282
455
261
452
231
493
274
313
282
342
243
308
179
169
255
551
207
288
226
489
386
280
444
307
280
330
281
303
451
448
146
325
551
458
306
294
421
229
293
289
236
235
405
358
345
474
343
269
329
417
375
406
297
164
327
209
331
239
317
321
365
615
353
425
225
304
311
293
212
377
305
243
313
311
379
239
153
393
273
204
497
167
223
425
199
209
498
219
308
405
457
348
217
297
393
450
412
401
262
242
243
208
233
332
301
214
366
192
289
415
349
246
243
427
236
210
511
400
507
319
348
483
429
287
330
405
274
257
386
522
266
336
190
346
208
372
315
282
387
325
223
296
377
286
438
286
260
291
386
294
335
374
288
446
397
343
285
320
175
414
291
132
325
369
314
324
476
259
505
156
394
307
308
218
287
282
179
425
231
237
202
337
439
207
334
176
570
368
247
294
367
273
310
442
242
244
378
173
235
300
352
223
545
308
293
292
330
391
396
318
276
550
306
324
223
356
311
262
289
275
343
210
199
390
367
427
340
447
345
318
334
295
218
569
352
150
266
225
229
266
293
247
415
279
334
396
232
210
164
212
312
393
276
237
355
394
366
251
267
180
458
251
311
380
355
409
159
270
271
365
377
370
432
264
350
351
237
277
310
360
591
398
238
399
333
269
219
240
541
282
597
260
318
332
302
222
398
222
244
344
397
302
261
364
424
459
251
267
258
370
328
437
286
200
272
175
487
643
383
279
363
271
300
281
354
389
311
296
245
330
367
282
226
203
365
270
352
387
84
565
155
227
604
356
360
299
214
201
282
184
347
494
202
436
364
513
245
372
156
308
325
236
178
299
288
469
449
501
357
307
473
690
277
315
477
357
484
303
226
457
188
173
237
172
224
214
257
455
470
285
248
236
540
235
253
419
572
425
354
176
436
315
395
205
296
340
242
174
231
230
285
548
145
262
309
501
262
453
168
380
109
348
229
168
182
241
303
308
179
368
374
459
187
240
566
311
398
537
479
284
360
243
486
411
323
158
317
179
161
372
213
265
462
258
357
476
491
307
390
277
379
301
421
249
446
300
247
228
340
195
322
412
285
328
255
290
546
423
245
317
327
317
298
280
247
314
390
464
350
269
165
300
250
294
285
270
356
277
215
381
262
331
317
401
118
344
396
593
252
639
267
222
195
272
310
327
356
150
389
286
506
227
333
326
302
622
603
416
336
345
134
216
165
310
377
415
227
291
685
304
384
234
212
327
362
449
352
279
259
439
351
345
258
290
285
351
235
469
136
140
294
281
377
407
423
397
266
206
303
444
360
304
562
224
403
275
408
244
360
258
239
499
187
309
255
569
211
461
469
193
411
400
263
387
337
339
246
190
231
216
201
309
435
405
270
335
413
367
447
290
269
239
198
194
271
264
311
317
251
151
353
475
529
289
291
456
267
282
330
316
340
143
171
227
391
310
356
162
342
403
428
245
232
386
303
372
384
524
230
335
380
515
621
233
312
400
378
325
292
421
279
236
210
361
290
444
317
277
296
399
191
351
318
269
327
419
295
299
504
245
255
280
273
185
412
421
401
526
175
233
364
264
346
471
372
189
360
275
246
647
337
226
304
440
212
240
397
255
291
360
244
140
218
263
447
369
506
316
116
308
303
169
498
396
378
214
293
263
454
216
475
211
310
160
247
138
428
206
304
237
370
239
381
346
291
243
505
400
237
390
145
442
287
329
232
280
417
592
392
326
326
271
451
460
280
317
232
438
269
372
725
449
321
222
129
479
331
361
488
184
216
275
256
416
329
148
314
250
392
277
236
296
350
350
146
447
405
249
443
388
205
552
361
334
264
297
318
233
306
366
425
269
277
262
309
206
322
417
158
110
270
273
236
315
171
229
370
351
240
140
413
239
312
336
438
298
281
211
339
351
509
221
253
205
181
240
183
468
279
240
261
274
350
196
276
225
304
237
326
289
320
331
235
235
299
361
146
186
430
243
338
195
330
331
303
400
215
186
379
273
315
497
437
466
318
340
349
319
304
294
261
333
594
343
203
318
280
449
441
170
440
210
537
215
241
253
573
262
316
206
211
581
317
353
479
244
372
226
357
313
199
396
170
340
267
251
393
613
289
274
351
264
256
300
369
308
233
336
244
439
630
302
310
245
181
365
220
513
289
229
429
322
271
152
291
278
432
276
180
299
368
469
577
270
481
372
197
314
453
273
399
253
350
439
614
562
342
234
430
339
244
179
188
368
251
250
256
291
422
382
320
360
377
227
348
299
296
318
442
250
194
262
462
327
286
533
270
195
328
280
315
284
192
330
274
256
294
527
379
498
357
307
289
437
219
387
432
373
228
444
293
229
438
269
378
89
229
361
418
275
242
228
280
258
330
219
453
227
254
238
299
421
355
259
341
361
278
327
278
210
279
258
308
323
646
408
405
339
372
430
221
254
225
399
463
195
354
249
454
491
327
249
378
350
307
158
505
334
294
450
291
391
429
285
442
246
224
552
296
412
437
458
163
336
224
179
523
274
316
263
292
228
343
340
588
298
461
353
234
329
390
354
317
196
227
180
330
386
275
180
369
336
335
426
156
311
367
333
308
197
231
339
201
236
357
159
431
188
235
496
335
274
408
139
278
172
134
562
400
213
288
585
432
336
365
152
210
302
362
463
208
276
401
345
287
634
173
531
268
362
184
350
410
246
502
161
339
297
306
387
379
298
554
240
316
350
373
406
469
265
423
174
373
393
203
397
346
271
245
277
228
425
463
269
309
308
384
155
348
277
258
516
223
288
421
406
389
251
250
276
328
419
133
324
272
150
321
314
299
217
476
410
337
181
116
539
351
381
330
147
416
397
295
418
346
290
299
444
225
255
343
250
285
142
224
182
333
411
261
382
383
331
393
320
199
382
236
245
400
493
448
335
381
405
253
503
319
529
215
510
289
486
367
230
429
301
389
334
273
278
298
237
376
244
307
349
310
459
285
394
242
312
400
461
357
234
228
410
291
419
278
294
325
252
149
442
346
563
494
202
192
285
277
418
148
432
359
594
210
208
210
269
285
290
341
393
317
383
470
218
141
361
295
152
271
253
302
196
172
454
466
203
196
182
448
448
169
183
289
299
371
201
361
245
240
521
242
197
238
288
360
418
277
322
451
424
305
225
252
270
390
394
460
381
257
359
456
271
239
503
285
323
222
407
340
293
222
219
378
387
328
315
335
179
246
182
259
326
280
422
258
347
489
256
197
394
342
338
279
388
333
303
264
210
417
368
577
367
356
281
320
468
357
230
252
244
238
332
525
268
334
134
308
407
512
201
550
441
305
491
511
387
372
283
457
304
178
273
221
414
298
255
212
175
322
261
380
407
254
274
211
245
422
212
370
155
229
414
329
290
260
305
659
401
189
359
371
407
388
619
194
172
205
243
216
283
300
438
432
422
360
196
277
282
140
314
240
152
318
343
252
276
322
336
218
362
344
439
295
330
245
278
421
483
383
363
359
350
337
336
249
303
293
355
162
322
255
556
324
373
385
282
237
314
163
160
274
112
337
559
297
551
402
323
652
290
384
445
329
242
285
295
166
207
147
194
408
246
309
132
442
314
268
372
339
268
196
322
281
382
315
381
341
323
467
191
390
282
770
335
300
215
455
155
278
158
324
290
294
332
289
414
158
318
308
364
316
227
321
496
338
247
263
220
352
416
203
428
405
208
406
271
321
625
272
367
142
375
679
633
317
247
476
309
347
292
171
408
594
436
352
457
285
375
257
297
207
154
314
305
422
316
283
634
431
465
355
338
501
303
782
232
265
557
172
322
330
274
211
362
338
341
334
363
326
413
388
257
260
198
247
304
255
406
419
362
304
213
285
264
463
212
425
342
399
402
378
367
247
300
340
330
364
400
378
398
310
183
519
532
468
474
514
336
402
364
541
135
324
259
312
142
301
313
394
366
311
309
115
226
299
304
358
482
270
375
209
185
454
254
288
362
303
344
746
508
198
221
334
250
237
386
294
246
366
329
326
292
478
415
226
350
245
223
477
206
244
248
385
237
186
159
317
557
405
306
340
252
364
318
225
462
342
314
501
341
298
279
389
236
399
821
354
320
273
565
182
231
236
236
166
203
147
329
249
183
201
309
220
447
253
300
228
336
291
297
136
479
372
113
279
255
516
240
435
404
314
368
482
358
438
172
374
420
428
142
549
185
174
379
361
356
294
223
227
336
351
314
352
261
240
181
409
471
426
551
518
347
250
443
393
345
299
608
396
270
299
382
320
341
276
215
380
513
290
489
436
440
275
360
311
472
316
162
236
327
515
322
238
327
345
222
350
272
287
257
335
296
219
323
446
321
497
252
549
348
493
265
303
327
394
179
167
320
657
267
200
277
276
254
335
331
312
315
208
412
362
377
343
358
414
501
275
454
212
393
253
212
248
332
270
265
316
359
331
105
424
514
299
254
413
265
295
253
355
572
388
435
404
255
119
407
702
330
436
225
335
187
194
306
208
503
218
206
296
298
328
288
288
236
300
364
376
285
172
209
557
383
165
292
232
241
473
257
189
256
454
393
305
320
236
336
280
469
348
278
272
253
394
369
252
261
247
245
706
235
249
302
245
298
260
331
299
352
348
247
229
179
575
332
250
378
235
367
387
173
407
540
357
275
271
311
328
290
307
225
416
243
270
327
303
165
197
223
268
267
242
449
521
284
359
449
194
425
368
422
182
295
230
262
399
441
365
260
375
253
197
294
580
317
460
261
233
360
275
346
439
344
449
238
466
149
279
391
562
300
426
225
362
288
314
352
197
334
339
362
256
203
417
492
353
366
335
260
455
237
436
250
277
299
307
316
217
285
288
427
176
218
470
243
286
339
234
441
261
244
257
254
221
217
258
308
227
254
237
442
318
309
243
403
270
153
467
186
259
167
267
329
291
393
183
445
513
192
208
403
358
540
323
221
337
446
388
207
373
220
411
322
406
243
396
279
298
148
288
308
333
682
264
458
543
348
491
291
429
357
231
307
231
265
350
298
247
431
425
227
384
186
370
651
393
298
280
268
275
350
330
221
223
382
338
598
209
323
380
352
462
307
201
218
424
186
247
345
204
314
490
166
390
297
660
444
314
433
280
417
418
338
222
325
309
370
283
205
599
359
251
283
321
305
506
589
303
616
374
307
496
246
370
366
266
213
370
425
273
228
273
166
295
223
397
315
297
301
270
239
297
220
327
314
532
362
357
166
337
554
382
320
293
505
217
272
630
297
389
283
314
297
443
457
241
189
293
206
296
302
333
334
295
252
211
301
253
362
203
519
392
470
430
302
307
324
376
313
200
229
253
333
335
423
301
483
453
259
349
458
179
302
276
259
146
404
289
196
445
358
356
265
254
445
209
284
270
223
377
235
493
221
418
329
188
265
288
362
421
287
268
267
224
339
487
325
233
310
298
377
159
643
342
325
309
238
259
325
379
238
293
324
291
308
219
293
205
279
268
362
318
215
326
410
240
737
560
410
176
288
201
255
264
203
354
244
287
401
211
445
552
387
290
347
376
318
349
302
415
248
242
395
299
318
287
413
301
312
439
209
166
372
328
313
443
279
353
338
315
365
335
265
161
536
199
438
245
507
226
235
125
256
227
242
193
436
348
372
294
485
351
472
321
158
272
210
401
375
190
346
180
427
358
305
310
187
364
201
344
184
219
436
339
399
377
648
214
543
342
302
230
270
396
454
335
181
425
230
470
226
392
240
294
310
520
250
268
193
394
177
236
306
426
225
401
277
260
344
241
390
353
231
369
273
477
280
226
359
456
234
293
349
248
380
448
209
234
351
303
392
409
245
350
387
281
536
327
172
273
215
400
311
471
177
217
313
329
250
359
473
456
363
147
478
360
364
411
181
253
337
333
209
207
284
460
207
333
238
279
159
386
343
315
218
359
347
377
307
369
190
354
341
235
470
296
284
301
230
499
219
331
428
297
524
288
289
344
210
348
280
333
309
237
139
271
297
192
324
377
173
322
366
632
302
335
318
269
214
490
259
193
258
297
164
392
315
405
182
410
260
396
551
337
316
314
410
361
315
389
282
401
378
236
247
347
193
441
301
217
324
291
430
335
255
322
228
212
335
545
115
260
281
534
399
444
437
294
259
231
303
250
388
276
236
302
283
309
204
495
220
237
377
413
351
246
281
417
377
419
198
324
471
162
311
247
334
392
423
304
255
360
387
275
289
436
140
783
230
299
364
428
235
354
216
484
157
481
436
365
344
333
476
333
291
349
331
266
384
279
451
275
329
317
328
233
409
244
283
568
253
481
346
263
214
275
280
209
254
270
335
310
219
508
263
700
258
378
295
308
305
121
366
717
509
271
384
347
288
320
242
313
246
211
311
221
444
291
187
360
168
406
246
621
393
372
262
227
321
223
270
224
305
358
112
231
335
299
361
280
407
289
237
356
581
331
367
238
376
360
259
371
193
419
451
210
342
278
162
438
445
433
407
174
368
415
209
351
453
270
235
505
366
362
334
254
259
382
206
191
494
335
269
399
501
228
556
193
305
373
338
267
385
181
395
441
499
379
402
230
503
185
366
365
185
551
174
247
160
443
256
302
379
552
426
271
368
223
271
247
298
410
350
301
388
365
308
237
416
302
197
375
177
291
300
333
257
351
280
401
441
406
304
322
215
434
314
275
313
285
428
467
245
295
255
254
409
493
457
196
170
484
308
295
386
413
361
175
361
308
248
425
343
251
265
188
475
465
407
497
195
284
437
182
291
344
452
400
308
443
333
247
222
157
538
273
396
151
474
342
336
484
317
555
357
160
225
231
279
160
490
174
378
294
268
328
303
429
307
195
250
318
318
350
371
400
199
299
318
367
398
304
224
285
193
216
251
262
575
318
358
402
496
358
341
276
268
381
266
628
442
397
300
258
314
348
139
315
340
404
390
458
374
216
171
385
354
414
188
345
260
401
306
273
316
252
331
289
456
334
266
267
319
263
255
347
425
269
272
264
221
265
299
300
337
366
335
164
292
266
279
422
216
112
223
223
399
427
719
290
267
234
325
362
296
332
340
225
332
207
337
247
217
251
320
242
437
229
331
652
469
257
250
265
358
522
590
327
387
320
285
230
246
172
356
242
323
257
457
382
347
315
350
260
462
351
245
306
366
308
366
230
204
259
245
219
201
335
327
212
283
225
218
398
360
239
296
284
278
313
252
308
232
425
193
225
181
259
318
283
405
284
302
209
294
329
236
268
400
499
330
361
316
275
171
242
259
297
269
330
354
499
381
272
285
227
232
292
327
263
256
321
260
223
376
457
334
365
322
383
368
523
258
193
257
374
194
225
232
338
265
362
538
205
237
296
273
346
254
370
279
423
415
265
275
201
434
246
171
318
341
139
333
205
312
145
340
360
457
313
193
100
208
455
416
318
291
365
286
288
230
250
395
342
325
348
375
366
216
322
486
265
412
598
116
348
394
316
377
261
377
280
434
509
240
311
469
340
182
158
392
188
534
370
209
322
468
367
261
386
226
261
256
241
258
447
354
483
526
318
272
280
201
348
187
514
597
213
214
322
284
279
446
391
632
241
342
272
327
321
354
462
233
242
385
511
324
297
410
308
259
156
322
306
249
252
377
236
519
238
295
342
152
550
386
314
461
208
147
546
407
212
159
316
310
313
528
232
367
261
267
287
212
243
319
242
373
526
555
269
197
329
218
318
354
348
346
274
282
467
351
210
469
594
279
511
234
240
238
236
445
260
427
311
335
319
236
290
167
435
446
446
256
291
417
282
295
145
294
230
672
198
301
140
355
218
201
332
258
282
281
295
475
253
474
244
429
303
278
230
259
294
312
366
179
185
194
307
329
205
664
189
695
462
470
428
434
359
219
155
254
285
154
422
308
352
463
425
289
322
269
357
437
207
549
195
487
274
341
428
196
275
377
395
417
248
188
254
301
557
266
616
343
242
296
161
373
395
252
422
501
294
368
280
255
450
266
296
310
321
323
230
385
263
572
246
215
372
277
353
418
343
131
340
253
357
328
222
285
303
235
414
432
252
271
204
410
433
349
322
356
556
251
319
180
436
286
343
424
333
220
375
219
311
214
270
303
177
488
270
322
245
497
187
383
205
335
264
179
330
360
245
433
300
234
288
238
435
354
164
133
408
304
303
398
249
189
423
261
195
301
377
205
466
382
205
270
197
400
317
390
192
296
394
378
339
258
309
230
442
203
349
270
517
362
325
356
516
204
306
426
245
307
188
333
300
412
334
317
252
386
231
186
545
445
508
353
246
298
261
436
435
502
197
162
417
230
357
557
381
263
343
493
427
423
463
285
353
194
215
374
466
251
473
221
791
497
395
474
387
253
213
341
104
235
356
363
117
525
342
391
569
216
296
496
427
477
312
424
526
406
354
511
275
402
225
401
308
250
258
291
453
459
218
574
411
224
365
390
302
290
250
295
273
333
318
364
211
347
358
271
167
171
258
283
278
202
287
513
278
146
319
408
254
242
276
331
307
198
203
300
204
302
273
342
251
257
432
544
290
280
199
308
405
512
351
228
288
382
326
400
494
201
275
343
286
293
427
308
272
225
157
234
237
248
317
287
255
234
264
214
387
179
364
285
176
145
226
378
395
212
173
176
277
424
366
526
552
333
234
314
493
352
633
283
439
191
454
182
332
305
345
258
252
258
307
271
291
141
174
336
347
295
417
496
244
381
504
523
455
437
194
446
467
278
184
350
223
370
329
419
198
200
409
236
211
138
610
277
408
470
314
296
457
412
198
208
215
510
179
333
266
262
279
172
344
445
391
458
314
399
264
340
289
294
433
343
337
346
256
262
245
413
288
261
367
164
224
517
261
347
335
295
273
286
310
358
277
386
253
234
304
279
381
314
222
385
374
274
241
400
136
338
291
201
255
285
276
261
203
313
255
336
184
198
586
277
334
430
574
220
502
249
447
364
331
382
220
315
287
387
459
152
351
181
363
448
351
270
351
365
134
284
499
322
209
485
227
330
336
412
305
396
467
231
449
194
311
284
369
219
237
227
289
277
210
443
208
311
180
209
390
376
326
220
410
554
350
296
365
340
239
216
432
356
358
547
373
266
298
329
147
200
356
451
395
131
489
455
455
391
302
517
283
240
465
335
215
265
349
263
165
249
305
425
265
231
226
231
459
337
374
287
364
301
194
157
280
230
283
280
359
229
380
387
167
231
653
347
398
263
370
277
309
281
368
276
461
372
306
427
452
202
327
238
369
156
403
229
543
392
377
444
299
279
359
169
294
243
117
377
411
455
291
360
277
243
284
311
534
264
296
360
275
463
321
205
302
258
465
221
571
237
379
231
311
324
268
305
199
263
500
271
296
184
470
198
446
322
495
451
299
356
419
182
197
423
333
447
527
283
474
289
277
341
329
440
747
347
287
379
319
249
321
367
255
219
278
360
177
134
387
367
550
353
322
204
200
266
204
285
395
272
338
220
292
235
279
338
279
572
289
419
350
276
265
331
189
164
350
429
380
256
281
365
396
352
211
469
231
195
340
417
306
145
404
218
210
372
378
411
260
489
223
480
296
571
308
235
335
230
403
321
157
381
475
257
508
314
450
481
189
295
204
426
255
202
274
200
187
377
172
299
435
430
342
341
373
220
229
444
334
366
372
330
517
480
276
295
204
246
292
225
207
323
512
146
356
270
383
451
349
412
382
184
274
370
503
311
251
238
164
225
147
257
368
224
316
198
383
251
371
471
352
324
365
196
556
374
193
384
301
329
280
463
412
416
463
576
373
252
291
477
413
212
362
312
517
274
329
220
328
313
325
298
286
361
256
179
298
405
193
219
351
226
183
354
210
242
413
158
579
192
598
271
292
286
331
466
239
247
408
219
183
302
269
238
166
387
213
347
369
418
204
344
174
270
506
293
167
306
290
436
361
216
318
420
230
412
249
396
425
388
494
450
325
390
673
339
302
218
156
250
172
289
242
277
379
271
229
428
297
487
150
441
243
204
480
331
394
318
266
237
254
391
218
535
538
213
300
319
179
143
539
458
336
446
358
288
348
368
367
298
169
413
367
362
374
399
315
616
409
289
181
328
342
369
259
271
467
324
361
442
321
355
215
180
260
380
262
525
353
174
275
143
293
184
297
287
349
338
337
612
346
237
456
221
277
237
513
399
287
362
206
288
179
167
484
244
315
411
284
308
331
282
133
147
304
380
207
261
436
340
434
175
113
184
226
594
157
413
216
440
200
397
325
599
452
244
229
230
185
285
293
258
294
259
350
339
393
393
322
447
301
472
300
529
254
552
485
336
303
297
189
420
358
256
255
443
219
292
321
430
257
333
295
176
444
339
188
355
348
288
335
436
427
271
154
246
193
625
245
176
217
186
318
528
322
309
374
189
359
540
336
538
269
207
327
277
247
515
360
464
381
286
189
201
323
184
294
427
327
354
308
298
301
435
426
301
381
431
556
238
213
329
433
244
464
321
216
290
369
300
315
310
162
386
202
197
580
323
484
295
382
247
351
342
354
263
414
348
369
421
462
365
338
415
332
460
291
538
237
393
312
371
228
279
326
286
240
320
278
231
334
279
305
255
298
380
480
248
244
214
261
140
292
282
363
478
323
392
329
182
193
374
583
175
382
319
364
154
349
353
227
468
178
296
391
455
393
175
248
310
355
456
426
223
244
225
451
231
340
287
268
243
357
462
435
467
364
345
279
322
387
383
282
268
333
256
204
335
313
449
249
472
844
209
266
337
385
448
454
377
465
352
450
328
271
247
372
300
351
152
257
295
320
279
439
336
387
219
220
214
410
444
424
314
320
349
313
341
214
265
524
286
261
413
273
294
302
364
249
530
346
359
286
373
257
505
267
720
207
197
230
192
376
308
252
323
356
483
229
277
370
310
233
278
387
444
291
227
291
282
323
452
270
349
436
316
248
768
330
124
233
307
324
467
243
257
552
328
403
233
301
430
383
253
422
374
216
241
324
275
660
572
197
253
234
325
281
316
268
260
476
227
283
445
318
437
244
145
318
407
237
428
488
494
281
343
239
238
291
225
309
392
216
182
299
285
374
299
247
351
217
401
448
283
280
413
406
314
218
208
191
398
605
414
308
387
250
477
340
271
336
498
298
472
386
466
290
380
149
275
303
288
276
370
283
268
327
325
240
222
197
275
384
391
323
360
393
300
356
366
270
320
233
353
475
277
343
500
276
273
318
295
219
294
284
423
291
557
610
318
264
322
202
279
112
289
301
306
351
334
338
283
278
478
398
292
410
325
260
278
309
412
211
291
308
353
353
421
308
224
164
342
166
282
266
180
226
241
168
215
352
166
246
239
273
530
433
337
315
529
287
343
230
260
287
241
269
276
231
273
336
110
320
217
451
348
277
455
192
257
302
434
590
747
187
243
132
152
155
318
437
507
346
317
354
282
336
299
488
190
490
257
548
233
338
448
327
359
445
258
241
453
391
210
203
237
232
302
333
335
351
408
444
295
481
513
423
460
373
313
286
335
323
217
284
312
204
195
287
430
284
158
438
236
382
455
274
382
343
360
277
307
326
382
459
291
253
314
257
186
258
405
460
486
264
206
354
285
410
300
468
211
265
339
352
296
319
328
196
278
257
350
185
418
395
299
370
353
250
204
265
343
358
316
368
248
413
285
330
509
314
254
408
218
440
202
366
266
433
265
209
215
405
439
555
256
427
247
478
227
322
533
439
267
300
290
348
113
370
175
250
362
238
470
386
219
389
372
236
241
320
357
368
220
162
611
325
447
471
459
293
351
425
382
168
236
350
308
262
293
217
202
400
423
277
325
335
204
215
290
302
214
264
269
463
226
545
352
359
313
261
247
167
312
175
335
344
244
341
456
344
225
297
479
167
272
242
381
196
354
578
447
312
387
290
467
393
217
454
471
242
272
311
332
402
512
306
451
250
476
224
428
332
489
211
143
290
269
301
279
178
314
367
422
277
321
309
312
220
415
398
293
343
309
247
465
304
642
311
327
232
261
353
220
365
304
282
255
287
166
493
204
194
214
223
281
327
186
199
399
608
503
246
270
215
144
294
448
485
382
463
355
272
319
306
328
171
486
174
273
184
186
299
306
276
210
158
314
274
324
249
226
261
224
253
315
244
270
206
402
442
436
358
358
157
585
208
236
165
501
239
324
249
271
319
307
237
492
265
286
215
275
335
329
617
230
289
435
210
228
220
394
224
399
231
278
188
403
348
381
585
488
214
358
360
302
238
568
342
308
411
227
374
212
317
395
216
241
283
211
295
430
305
240
355
537
404
362
168
199
302
160
308
320
355
200
270
243
177
227
383
366
263
223
292
474
249
340
360
293
318
458
596
345
167
217
216
205
411
453
298
440
473
205
420
424
360
383
411
326
191
114
358
299
234
368
295
448
465
272
182
299
188
337
443
237
286
391
414
263
227
671
194
229
322
423
440
339
244
242
138
255
337
237
303
420
211
375
332
305
147
292
340
225
332
401
638
211
272
337
304
369
404
387
278
281
433
223
376
418
353
217
229
200
232
186
465
202
399
107
272
471
454
294
388
242
358
252
373
253
196
234
198
341
239
321
220
214
202
192
342
340
456
407
312
439
237
379
346
320
331
342
469
269
315
312
426
239
495
280
449
299
397
386
224
447
413
363
289
351
461
281
394
356
205
557
748
294
296
488
136
412
316
339
497
228
655
218
289
294
280
518
234
412
200
396
383
340
257
417
271
215
293
359
599
212
227
479
278
180
483
180
323
261
242
434
156
336
200
483
134
293
462
439
227
264
563
355
263
141
379
443
237
409
269
183
297
272
205
276
231
423
398
259
194
334
579
275
263
349
461
499
288
309
499
240
363
197
172
431
373
403
427
484
303
328
443
298
361
386
274
267
322
239
216
205
282
441
362
526
371
294
313
449
396
389
391
438
278
351
369
269
513
337
298
676
412
285
518
375
276
211
157
362
248
146
371
391
381
289
345
347
362
249
286
353
269
316
340
421
374
272
341
300
235
253
319
340
184
306
339
267
274
113
227
330
237
397
238
439
165
417
401
342
289
418
144
247
326
163
393
526
332
289
410
419
359
354
243
269
366
301
297
231
249
180
297
295
224
268
337
325
276
251
242
284
362
164
262
475
410
364
443
423
153
201
362
388
281
319
258
337
313
340
270
204
149
293
352
334
163
644
351
227
213
321
292
280
337
307
441
496
305
388
375
264
268
204
529
384
308
255
256
338
414
335
132
287
417
249
182
477
496
224
481
510
592
268
195
338
249
411
359
187
150
274
326
170
282
370
251
403
381
328
266
450
286
309
497
388
306
326
197
251
299
167
265
399
171
325
230
217
316
439
249
304
330
265
379
294
317
366
225
519
339
548
467
260
296
260
598
273
220
306
232
390
416
225
384
389
436
246
530
338
314
198
546
192
375
369
408
336
499
326
346
423
307
347
587
372
233
339
339
163
293
388
182
146
468
419
557
160
171
143
387
288
236
397
350
383
215
286
469
259
532
220
386
232
412
264
168
259
188
625
443
320
338
322
187
243
613
280
426
196
330
437
365
391
323
616
175
321
256
293
224
377
419
539
342
283
329
252
449
357
174
415
372
229
115
344
220
292
318
262
370
254
276
320
409
190
392
269
383
388
229
321
387
272
563
332
266
322
316
321
440
642
385
193
627
300
476
374
435
304
281
259
522
273
213
357
317
365
460
213
359
348
293
264
381
360
369
495
566
441
327
434
294
190
392
268
382
235
337
306
307
295
384
297
292
455
305
205
274
137
397
404
311
440
345
370
350
271
270
352
