9.198453
4.043779
7.853886
6.062479
5.183587
8.376109
7.133925
3.984099
7.026289
5.216725
4.999017
1.030442
8.137080
1.093258
1.636839
5.698225
1.128367
2.060975
4.723461
3.903512
4.576603
5.329188
5.976961
8.285682
6.061664
7.212123
7.254671
8.091752
9.821876
4.930813
4.086694
5.105680
9.269207
6.271637
2.110092
5.859105
7.904900
1.535679
2.000607
1.061992
9.744609
9.075008
8.371526
3.323309
4.385568
8.437782
1.176150
5.366046
7.311226
1.169863
3.456348
6.436355
1.817869
8.461762
3.714879
4.004906
7.340020
1.456513
6.974701
4.536875
7.547557
6.741606
2.737427
2.710325
2.275627
7.253332
4.098614
9.495064
7.967572
5.968250
1.133474
3.247611
4.043885
6.353024
6.276432
2.219337
9.520870
7.545513
7.351249
3.054100
1.033294
4.858577
3.170514
9.293090
1.466480
5.027859
1.288529
5.071102
1.003832
8.058834
5.138738
1.433921
5.853766
7.414115
7.173723
7.525011
2.235416
4.221403
5.044994
9.343202
6.173366
1.438941
3.329170
4.070357
5.814786
5.085234
5.537001
1.238359
8.920612
1.697364
2.339846
1.047939
7.308584
4.870676
1.942386
6.338875
9.249131
6.728610
3.347956
1.851410
5.955053
7.237110
2.641917
6.273365
6.109905
9.305623
2.416585
2.095910
3.123660
1.911101
9.179284
1.967542
2.837480
7.208282
3.957877
2.953826
5.257480
3.372553
1.160796
9.778044
2.132543
2.931659
1.121721
3.873161
1.198777
2.108630
4.017562
2.021165
9.634029
1.873887
2.401022
9.328675
5.313293
5.073630
9.445406
6.421353
9.636846
9.188874
5.983369
3.014502
8.562641
1.821769
1.856513
3.330475
2.326963
1.447936
7.822697
5.957670
3.375028
6.802173
7.160719
1.402238
4.070567
8.166517
9.579093
1.156493
4.726785
6.972690
7.044143
2.857068
5.253178
2.691294
1.396342
4.275273
9.345469
3.530781
1.439570
2.511882
2.994575
5.481761
2.944905
3.422457
5.841461
1.560157
1.511191
3.215020
8.967198
3.774207
9.615578
1.892717
7.310492
7.255708
4.286819
1.188891
2.343845
4.164195
3.912455
1.949984
1.428332
1.104952
7.132670
4.137029
6.210876
2.547086
3.820761
6.523700
6.124213
1.487806
6.855839
9.419815
4.929776
4.960728
6.086991
7.191644
2.647308
3.832376
7.995324
1.052461
4.058713
1.310495
5.875141
8.456051
4.711775
1.084691
4.372051
5.241769
2.324931
2.433980
5.107244
6.399512
2.294541
7.021797
1.672787
3.927974
5.142776
6.315125
9.442057
4.304907
8.400890
3.345608
3.450473
9.959019
3.896407
8.973073
5.058310
2.361586
1.012595
3.072638
3.372425
2.176461
6.245480
3.037107
2.128481
8.058826
6.364784
9.101166
8.176187
7.150592
1.344495
3.425744
1.307446
7.246574
5.051101
7.846184
6.237759
9.536965
2.758446
9.222455
1.070348
5.347773
1.787353
1.938381
5.720682
2.869403
4.128728
2.997418
1.681900
5.922310
6.079126
1.152185
4.313131
8.141559
8.164323
4.314064
4.063747
7.163231
2.263350
9.955892
9.173661
7.417154
7.316707
7.398634
7.125449
1.534479
4.157264
7.456766
9.721285
9.075701
6.464536
6.293705
2.843566
4.229123
5.252331
2.690011
1.039979
3.970760
3.367028
7.283876
5.224442
4.090723
4.356905
1.065845
9.338184
2.929683
7.242446
3.108551
7.985191
4.120117
2.047171
8.203176
2.429830
4.221879
7.286484
4.065856
7.551361
6.048414
4.285655
6.149830
3.993581
8.988874
2.412666
2.075699
6.145891
9.341288
1.166801
2.048079
1.313581
4.148482
7.287930
2.814375
6.802118
2.224531
7.232805
2.227389
9.250876
1.438311
8.150683
3.869504
1.867934
1.262555
1.012432
4.067169
1.553362
5.216914
9.235665
1.032491
3.208227
5.077087
1.309526
3.977861
2.071113
4.058618
7.088154
1.221135
7.425057
4.025002
8.282242
1.099787
1.955460
5.318986
1.456970
5.244639
7.506610
8.182575
5.948855
1.697050
3.096051
7.903148
3.440922
5.438348
4.224778
4.930753
1.031858
5.358687
5.111498
1.328555
3.200075
3.733619
8.132878
3.654568
