2.958744400000000000e+07
1.387972000000000000e+06
3.132050500000000000e+07
1.215769600000000000e+07
9.559329000000000000e+06
6.975250000000000000e+05
6.439771000000000000e+06
7.870671000000000000e+06
5.212168000000000000e+06
1.632123000000000000e+07
1.573641900000000000e+07
1.825045800000000000e+07
2.885634400000000000e+07
2.809328200000000000e+07
4.835728000000000000e+06
2.103149800000000000e+07
3.422116000000000000e+06
2.196505500000000000e+07
1.032187900000000000e+07
2.586498000000000000e+07
1.450722700000000000e+07
1.956730000000000000e+05
2.800900000000000000e+07
1.659924000000000000e+06
1.636440000000000000e+07
2.557801600000000000e+07
2.148274300000000000e+07
2.975738500000000000e+07
1.715957200000000000e+07
1.392222000000000000e+07
2.466157000000000000e+06
1.668012300000000000e+07
2.340880600000000000e+07
1.746497800000000000e+07
1.650618900000000000e+07
2.250218800000000000e+07
1.459296000000000000e+07
2.252233900000000000e+07
2.295195000000000000e+06
2.365408600000000000e+07
2.525868400000000000e+07
7.413781000000000000e+06
1.308602700000000000e+07
2.507891200000000000e+07
7.106257000000000000e+06
2.664603000000000000e+06
2.511150400000000000e+07
1.404808300000000000e+07
1.005180700000000000e+07
3.091080600000000000e+07
1.954450600000000000e+07
8.717943000000000000e+06
3.106256700000000000e+07
1.541492400000000000e+07
1.893755400000000000e+07
1.767806500000000000e+07
1.517633200000000000e+07
9.037713000000000000e+06
2.207430700000000000e+07
4.811781000000000000e+06
2.484115000000000000e+06
1.547938900000000000e+07
8.879910000000000000e+05
9.791112000000000000e+06
1.404808300000000000e+07
2.211069900000000000e+07
2.264310000000000000e+05
1.781192800000000000e+07
2.960841000000000000e+06
8.263702000000000000e+06
2.802736600000000000e+07
2.344609300000000000e+07
2.470868700000000000e+07
1.626933400000000000e+07
2.279596500000000000e+07
1.395007300000000000e+07
2.310883300000000000e+07
1.186794700000000000e+07
8.217034000000000000e+06
2.693379900000000000e+07
2.908566400000000000e+07
1.725487000000000000e+06
1.765195300000000000e+07
3.159226600000000000e+07
2.544152800000000000e+07
1.902774400000000000e+07
1.911798100000000000e+07
2.073486600000000000e+07
2.242020400000000000e+07
1.902774400000000000e+07
1.451746200000000000e+07
6.159840000000000000e+05
2.351145400000000000e+07
2.468293900000000000e+07
1.381942200000000000e+07
2.192163100000000000e+07
1.288930900000000000e+07
2.950709500000000000e+07
1.466286600000000000e+07
1.438990000000000000e+07
2.506924600000000000e+07
2.412939000000000000e+07
9.570703000000000000e+06
2.250218800000000000e+07
8.534098000000000000e+06
2.229822100000000000e+07
1.165302400000000000e+07
2.453725000000000000e+06
1.936249300000000000e+07
2.461526200000000000e+07
5.514205000000000000e+06
2.359206700000000000e+07
7.407804000000000000e+06
4.383646000000000000e+06
2.027168800000000000e+07
3.948796000000000000e+06
2.189248000000000000e+06
2.538079900000000000e+07
2.242914700000000000e+07
1.404840100000000000e+07
4.759408000000000000e+06
1.963206300000000000e+07
1.256542000000000000e+06
1.180981500000000000e+07
1.594327300000000000e+07
2.621885100000000000e+07
1.114751800000000000e+07
3.397207000000000000e+06
3.175643500000000000e+07
7.547206000000000000e+06
3.095587300000000000e+07
2.386647100000000000e+07
1.643793100000000000e+07
8.879878000000000000e+06
8.688421000000000000e+06
1.620826000000000000e+06
2.985337500000000000e+07
2.016246000000000000e+06
4.783810000000000000e+06
1.232253700000000000e+07
6.901369000000000000e+06
7.565923000000000000e+06
2.965174300000000000e+07
2.408673700000000000e+07
2.480038000000000000e+07
2.172306900000000000e+07
2.559287700000000000e+07
1.164176200000000000e+07
3.070081000000000000e+07
7.462087000000000000e+06
2.198977000000000000e+07
2.408673700000000000e+07
1.387972000000000000e+06
3.137557300000000000e+07
3.383953000000000000e+06
1.769158600000000000e+07
2.191885900000000000e+07
1.413226200000000000e+07
1.333510000000000000e+06
2.522929600000000000e+07
1.665500100000000000e+07
2.167708900000000000e+07
2.868940000000000000e+07
2.232636700000000000e+07
2.763340300000000000e+07
7.607620000000000000e+06
1.901716500000000000e+07
1.008498400000000000e+07
5.486505000000000000e+06
4.435827000000000000e+06
1.629073000000000000e+07
1.238301600000000000e+07
1.390870000000000000e+05
2.673027000000000000e+06
2.334357700000000000e+07
2.015695300000000000e+07
2.098953300000000000e+07
1.042614900000000000e+07
2.999445000000000000e+06
6.439771000000000000e+06
1.631471500000000000e+07
2.258307600000000000e+07
1.771332400000000000e+07
1.121250100000000000e+07
1.631810500000000000e+07
1.232253700000000000e+07
1.567663800000000000e+07
4.355266000000000000e+06
1.718727600000000000e+07
2.934985300000000000e+07
2.030053200000000000e+07
2.334357700000000000e+07
1.726818300000000000e+07
2.525330700000000000e+07
1.168076700000000000e+07
1.399573300000000000e+07
2.433588600000000000e+07
2.259193200000000000e+07
1.379270700000000000e+07
1.950849300000000000e+07
1.029741300000000000e+07
1.928604100000000000e+07
1.659924000000000000e+06
1.546895800000000000e+07
9.986901000000000000e+06
3.499768000000000000e+06
2.511155200000000000e+07
3.118677000000000000e+07
8.128810000000000000e+05
1.398608800000000000e+07
2.156757700000000000e+07
1.417559100000000000e+07
4.521072000000000000e+06
1.389490600000000000e+07
9.836887000000000000e+06
1.770259600000000000e+07
7.817394000000000000e+06
8.027293000000000000e+06
3.122457000000000000e+07
1.674398500000000000e+07
2.734686000000000000e+06
6.540103000000000000e+06
7.565923000000000000e+06
6.920170000000000000e+06
1.207086000000000000e+07
4.915425000000000000e+06
2.084263800000000000e+07
3.159226600000000000e+07
1.297675000000000000e+06
2.250218800000000000e+07
8.416147000000000000e+06
2.359206700000000000e+07
2.250218800000000000e+07
3.023866200000000000e+07
2.201582800000000000e+07
1.008318700000000000e+07
2.504490100000000000e+07
1.614686500000000000e+07
1.626709000000000000e+06
2.551896700000000000e+07
2.232636700000000000e+07
9.603057000000000000e+06
1.984169200000000000e+07
1.450952800000000000e+07
2.971805100000000000e+07
3.123194200000000000e+07
1.732627600000000000e+07
4.541443000000000000e+06
1.510189900000000000e+07
4.076239000000000000e+06
2.102104900000000000e+07
2.294492200000000000e+07
1.864134100000000000e+07
1.883338500000000000e+07
1.398478300000000000e+07
3.055101700000000000e+07
2.942224900000000000e+07
1.439787000000000000e+07
2.606168500000000000e+07
2.076018400000000000e+07
7.688053000000000000e+06
6.023140000000000000e+05
1.651198300000000000e+07
1.644269400000000000e+07
2.670488200000000000e+07
7.697119000000000000e+06
1.451746200000000000e+07
2.672696100000000000e+07
1.715957200000000000e+07
1.445843800000000000e+07
3.140641500000000000e+07
4.047040000000000000e+06
2.198681500000000000e+07
4.080565000000000000e+06
2.877411400000000000e+07
2.310316600000000000e+07
1.984169200000000000e+07
1.620826000000000000e+06
2.189248000000000000e+06
2.189248000000000000e+06
2.960841000000000000e+06
2.086913100000000000e+07
1.792604800000000000e+07
2.335520200000000000e+07
1.417559100000000000e+07
2.183288400000000000e+07
1.172785300000000000e+07
9.964212000000000000e+06
1.048389300000000000e+07
1.294727500000000000e+07
2.372871400000000000e+07
2.189248000000000000e+06
2.098953300000000000e+07
3.371160000000000000e+06
2.774932500000000000e+07
2.511695800000000000e+07
1.206783100000000000e+07
1.090037400000000000e+07
8.239114000000000000e+06
1.665500100000000000e+07
2.180770500000000000e+07
1.594327300000000000e+07
6.090477000000000000e+06
6.206575000000000000e+06
1.699914900000000000e+07
1.882374700000000000e+07
2.123232700000000000e+07
2.858590000000000000e+06
1.795610100000000000e+07
3.723240000000000000e+06
1.856611900000000000e+07
1.279686100000000000e+07
1.596987700000000000e+07
1.662410800000000000e+07
2.885487100000000000e+07
2.250218800000000000e+07
9.932164000000000000e+06
1.282870000000000000e+05
1.820876200000000000e+07
2.189248000000000000e+06
1.313524900000000000e+07
2.627423800000000000e+07
2.139933000000000000e+06
2.779216600000000000e+07
2.081188800000000000e+07
1.629597000000000000e+06
2.605522300000000000e+07
2.425954900000000000e+07
1.008785400000000000e+07
1.835694700000000000e+07
1.529005300000000000e+07
5.212168000000000000e+06
