2.719266700000000000e+07
2.172306900000000000e+07
2.159575600000000000e+07
2.806059000000000000e+07
5.150029000000000000e+06
7.462087000000000000e+06
1.575798000000000000e+07
1.943769900000000000e+07
3.194977000000000000e+06
1.029662500000000000e+07
2.587940100000000000e+07
1.048592400000000000e+07
1.031525100000000000e+07
1.273956400000000000e+07
2.772699100000000000e+07
1.498167400000000000e+07
8.328204000000000000e+06
2.919522600000000000e+07
2.585008000000000000e+07
9.287497000000000000e+06
5.953491000000000000e+06
1.048592400000000000e+07
9.854359000000000000e+06
2.429475600000000000e+07
1.847369500000000000e+07
2.598910900000000000e+07
2.749411200000000000e+07
1.185871200000000000e+07
2.481010900000000000e+07
8.066401000000000000e+06
1.031373100000000000e+07
9.854359000000000000e+06
8.378808000000000000e+06
7.893054000000000000e+06
1.850239300000000000e+07
8.172190000000000000e+05
1.898909500000000000e+07
1.246756500000000000e+07
1.826805300000000000e+07
1.427642200000000000e+07
1.936853800000000000e+07
2.381219500000000000e+07
1.100811700000000000e+07
1.165422400000000000e+07
1.997046300000000000e+07
1.220831200000000000e+07
2.685721500000000000e+07
6.124459000000000000e+06
4.336174000000000000e+06
2.535591700000000000e+07
2.790738700000000000e+07
2.805294400000000000e+07
2.094951000000000000e+07
2.792796100000000000e+07
2.327059900000000000e+07
2.082503500000000000e+07
1.953903600000000000e+07
3.344227000000000000e+06
1.167378600000000000e+07
4.767795000000000000e+06
2.138704000000000000e+07
1.653300000000000000e+04
9.666370000000000000e+05
1.785512500000000000e+07
2.956461100000000000e+07
1.624963600000000000e+07
2.128438200000000000e+07
1.862446600000000000e+07
1.317615000000000000e+07
1.750117000000000000e+06
2.313765600000000000e+07
4.497547000000000000e+06
1.672985800000000000e+07
2.377494600000000000e+07
1.463516700000000000e+07
5.383249000000000000e+06
1.201744300000000000e+07
1.590705400000000000e+07
1.213063600000000000e+07
1.649079100000000000e+07
1.478284200000000000e+07
1.633340400000000000e+07
1.667304100000000000e+07
1.899025500000000000e+07
1.632863800000000000e+07
2.423228100000000000e+07
2.939348200000000000e+07
2.879426500000000000e+07
1.778411700000000000e+07
1.439643100000000000e+07
1.354998000000000000e+06
2.082503500000000000e+07
5.319880000000000000e+06
7.437766000000000000e+06
4.694218000000000000e+06
9.829558000000000000e+06
1.441471000000000000e+07
3.152755600000000000e+07
1.229538100000000000e+07
1.928875000000000000e+06
6.090477000000000000e+06
2.192932900000000000e+07
5.264470000000000000e+05
1.927316700000000000e+07
1.391413900000000000e+07
3.028013200000000000e+07
2.553044800000000000e+07
2.341170900000000000e+07
1.625351800000000000e+07
2.190487600000000000e+07
1.665171400000000000e+07
3.110640700000000000e+07
5.054424000000000000e+06
7.478799000000000000e+06
1.227544000000000000e+06
1.363762800000000000e+07
1.968871900000000000e+07
2.932090500000000000e+07
7.646442000000000000e+06
2.858590000000000000e+06
1.208221200000000000e+07
1.564254400000000000e+07
1.986126100000000000e+07
1.923484600000000000e+07
1.728012000000000000e+07
8.316960000000000000e+05
2.260174000000000000e+07
7.415383000000000000e+06
1.693175400000000000e+07
5.285152000000000000e+06
4.814179000000000000e+06
1.855773000000000000e+07
1.922052000000000000e+06
2.493979800000000000e+07
1.634162400000000000e+07
1.764876600000000000e+07
2.265541600000000000e+07
5.274061000000000000e+06
7.113943000000000000e+06
6.735751000000000000e+06
2.532417900000000000e+07
1.664704300000000000e+07
1.040310700000000000e+07
8.315197000000000000e+06
9.897367000000000000e+06
1.380471100000000000e+07
2.695542100000000000e+07
8.779380000000000000e+06
3.065441800000000000e+07
1.474741900000000000e+07
2.402620300000000000e+07
